5
10
11 4 3 2 8 7 6 5 10 9
20
2 10 11 13 15 17 18 20 19 16 14 12 9 8 7 6 5 4 3 1
50
4 11 10 9 19 18 17 22 28 27 30 32 36 37 35 39 44 46 48 50 49 47 45 43 42 41 40 38 34 33 31 29 26 25 24 23 21 20 16 15 14 13 12 8 7 6 5 3 2 1
100
4 5 3 6 11 12 13 14 17 20 24 23 22 25 31 30 2 39 38 41 42 40 44 43 37 48 50 51 55 54 53 49 59 63 67 69 71 70 68 73 72 74 75 76 79 81 82 84 85 83 80 88 89 91 95 100 99 98 97 96 94 93 92 90 87 86 78 77 66 65 64 62 61 60 58 57 56 47 46 45 52 36 35 34 33 29 28 27 26 21 19 18 16 15 10 9 8 7 32 1
100
4 5 3 6 11 12 13 14 17 20 24 23 22 25 31 30 32 39 38 41 42 40 44 43 37 48 50 51 55 54 53 52 49 59 63 67 69 71 70 68 73 72 74 75 76 79 81 82 84 85 83 80 88 89 91 95 100 99 98 97 96 94 93 92 90 87 86 78 77 66 65 64 62 61 60 58 57 56 47 46 45 36 35 34 33 29 28 27 26 21 19 18 16 15 10 9 8 7 2 1
1000
2 4 3 1 7 6 5 17 18 16 22 21 23 20 19 27 31 32 30 33 29 28 34 35 26 39 42 41 40 45 44 49 53 52 51 55 54 50 48 57 61 60 59 66 70 73 72 71 75 79 82 88 93 95 97 96 100 102 101 103 104 99 105 107 109 112 115 117 120 125 135 137 138 139 136 145 144 147 146 143 142 141 151 152 150 154 155 153 156 149 148 159 158 160 161 157 162 140 134 170 172 178 183 185 187 192 191 197 196 200 199 203 205 206 204 208 207 202 214 218 219 223 222 221 220 226 227 225 233 232 231 234 239 242 246 249 248 251 250 255 254 256 257 261 264 266 265 267 263 268 262 272 276 279 280 281 283 284 285 286 288 289 292 296 295 299 300 298 307 308 310 317 322 324 323 325 328 327 326 331 332 335 339 342 341 347 350 351 359 358 357 360 363 362 361 356 373 374 376 377 379 378 384 386 387 385 388 396 395 400 403 402 405 406 407 414 413 417 416 420 421 427 426 429 433 432 431 430 434 440 441 444 445 450 449 453 454 457 461 462 460 459 465 464 463 467 469 471 479 478 484 485 486 488 487 483 489 494 495 493 501 502 503 500 506 505 508 512 511 515 519 524 526 525 523 522 527 532 541 540 542 544 545 546 550 553 555 554 563 567 568 569 579 580 583 582 584 581 586 588 589 587 590 594 599 600 604 610 609 611 613 614 615 612 608 616 618 619 617 607 623 624 628 629 630 634 640 645 644 643 642 649 648 655 656 659 664 663 662 669 672 673 671 670 677 679 678 676 683 685 684 686 682 681 687 689 693 695 694 697 699 700 704 707 713 712 714 711 710 717 716 719 718 715 709 708 724 733 732 731 736 735 739 738 737 742 749 748 747 746 745 744 743 750 751 741 740 753 757 759 761 760 764 766 770 773 775 779 778 777 776 774 780 783 782 784 781 785 790 791 792 794 793 798 803 804 802 801 806 807 808 805 809 811 815 814 813 818 820 819 817 821 816 826 825 829 830 831 832 833 834 835 836 837 828 840 839 841 838 846 849 848 847 852 854 853 856 857 860 863 864 862 865 861 866 867 859 869 868 858 855 851 872 871 878 880 879 881 883 887 889 888 886 890 891 894 896 898 900 911 913 912 910 919 918 923 929 930 928 934 933 939 940 942 944 945 950 954 956 959 958 961 964 963 965 962 966 969 975 976 977 974 979 982 985 984 987 989 995 996 999 1000 998 997 994 993 992 991 990 988 986 983 981 980 978 973 972 971 970 968 967 960 957 955 953 952 951 949 948 947 946 943 941 938 937 936 935 932 931 927 926 925 924 922 921 920 917 916 915 914 909 908 907 906 905 904 903 902 901 899 897 895 893 892 885 884 882 877 876 875 874 873 870 850 845 844 843 842 827 824 823 822 812 810 800 799 797 796 795 789 788 787 786 772 771 769 768 767 765 763 762 758 756 755 754 752 734 730 729 728 727 726 725 723 722 721 720 706 705 703 702 701 698 696 692 691 690 688 680 675 674 668 667 666 665 661 660 658 657 654 653 652 651 650 647 646 641 639 638 637 636 635 633 632 631 627 626 625 622 621 620 606 605 603 602 601 598 597 596 595 593 592 591 585 578 577 576 575 574 573 572 571 570 566 565 564 562 561 560 559 558 557 556 552 551 549 548 547 543 539 538 537 536 535 534 533 531 530 529 528 521 520 518 517 516 514 513 510 509 507 504 499 498 497 496 492 491 490 482 481 480 477 476 475 474 473 472 470 468 466 458 456 455 452 451 448 447 446 443 442 439 438 437 436 435 428 425 424 423 422 419 418 415 412 411 410 409 408 404 401 399 398 397 394 393 392 391 390 389 383 382 381 380 375 372 371 370 369 368 367 366 365 364 355 354 353 352 349 348 346 345 344 343 340 338 337 336 334 333 330 329 321 320 319 318 316 315 314 313 312 311 309 306 305 304 303 302 301 297 294 293 291 290 287 282 278 277 275 274 273 271 270 269 260 259 258 253 252 247 245 244 243 241 240 238 237 236 235 230 229 228 224 217 216 215 213 212 211 210 209 201 198 195 194 193 190 189 188 186 184 182 181 180 179 177 176 175 174 173 171 169 168 167 166 165 164 163 133 132 131 130 129 128 127 126 124 123 122 121 119 118 116 114 113 111 110 108 106 98 94 92 91 90 89 87 86 85 84 83 81 80 78 77 76 74 69 68 67 65 64 63 62 58 56 47 46 43 38 37 36 25 24 15 14 13 12 11 10 9 8

